455
215
331
98
71
234
143
313
458
472
474
188
417
230
408
206
80
93
251
296
204
64
177
221
200
148
407
197
394
249
354
300
348
334
70
387
53
67
336
407
138
407
256
467
347
403
265
419
303
338
112
337
302
371
98
63
314
419
97
161
97
357
428
382
48
248
341
297
199
195
336
94
138
334
326
203
84
417
339
294
476
308
308
269
478
109
186
438
184
217
242
319
194
230
395
187
319
402
263
219
122
252
42
428
280
56
38
419
406
339
177
450
146
120
179
297
361
386
176
462
361
239
245
86
185
95
234
304
473
198
360
129
282
172
442
142
40
120
90
172
305
222
122
284
173
417
436
195
173
412
53
127
196
335
199
189
466
372
200
348
340
397
265
454
331
49
63
391
193
399
130
272
166
338
343
380
135
243
109
404
385
473
188
449
205
273
250
429
182
383
176
449
225
307
238
462
451
481
280
419
367
229
222
164
64
323
452
407
210
357
348
221
72
47
398
363
145
102
127
236
433
245
87
146
59
244
395
67
137
225
354
275
222
356
241
56
242
283
273
449
385
392
314
253
287
461
204
269
233
382
455
235
98
210
94
475
397
174
91
384
117
62
473
281
142
317
374
172
350
149
195
62
263
190
235
404
391
161
59
320
40
475
140
170
280
372
193
442
440
220
466
248
331
375
184
368
52
450
350
451
385
216
148
477
316
410
292
399
281
451
57
402
279
154
181
102
106
114
467
210
316
50
307
140
472
123
446
356
220
52
164
298
49
406
388
200
40
342
132
431
384
268
327
434
242
110
82
308
305
471
325
121
190
154
449
368
234
459
160
371
202
37
392
198
278
344
397
481
149
453
210
435
336
85
261
199
207
277
478
276
370
469
478
270
177
180
315
316
357
87
202
381
338
464
154
452
159
342
476
374
273
462
79
218
280
238
78
392
461
57
203
271
375
67
205
362
314
65
192
68
428
43
407
147
328
380
291
407
87
232
40
372
207
437
323
482
177
56
232
388
183
61
118
176
188
452
243
61
106
200
405
425
300
